qp.H{1} = [...
         0.01             0             0             0             0             0             0             0             0             0             0             0             0             0             0             0             0             0             0             0             0             0             0             0
            0      0.010021      0.044638     0.0446461    0.00275502     0.0446979    0.00339551    -0.0888619             0 -1.48363e-005 -1.89834e-007  6.18601e-007 -8.36703e-006  6.03897e-006 -6.94364e-006 -2.90249e-005  1.55595e-016   0.000790715    -0.0166182    -0.0107081  -0.000193439   -0.00652552  -0.000304578    0.00668889
            0      0.044638       96.2462       96.2579     0.0457158       96.3797      0.060589      -191.604             0    0.00422735   -0.00160363   0.000561397  -0.000475005     0.0126692  -0.000908433    -0.0623073       -1.1822     0.0145702      -35.8315      -23.0882   -0.00285377      -14.0711    -0.0060246       14.4229
            0     0.0446461       96.2579       96.2929     0.0284214       96.4062     0.0392855      -191.659             0     0.0043345   -0.00334535     -0.000854  -0.000425561     0.0113997  -0.000870155    -0.0600803      -1.18593    0.00961705      -35.7871      -23.0437   -0.00164165      -14.0507   -0.00411832       14.4397
            0    0.00275502     0.0457158     0.0284214       24.5047    -0.0137556       30.1716    0.00722878             0     -0.149833    0.00497019     0.0032281    -0.0732708    0.00148643    -0.0589697    -0.0012001       4.91258       7.02418   0.000728185   0.000368828      -1.72134    0.00457099      -2.70395   -0.00142633
            0     0.0446979       96.3797       96.4062    -0.0137556       96.5403     -0.012662      -191.907             0    0.00458223   -0.00411573   -0.00147671  -0.000301524     0.0108574  -0.000767367    -0.0591778       -1.1959   -0.00247329      -35.8095      -23.0513    0.00132129      -14.0582   0.000535184       14.4639
            0    0.00339551      0.060589     0.0392855       30.1716     -0.012662       37.1742   0.000393989             0     -0.184285    0.00611848    0.00397254    -0.0900024    0.00182774     -0.072405   -0.00147325       6.05107       8.65211  -0.000727744  -0.000602143      -2.12027    0.00499058      -3.33062     -0.001124
            0    -0.0888619      -191.604      -191.659    0.00722878      -191.907   0.000393989       381.533             0   -0.00892421    0.00967955    0.00415414   0.000673919    -0.0204872    0.00157436      0.115711       2.37341  -0.000857183       71.1441       45.7832   -0.00121015       27.9275    0.00115906      -28.7662
            0             0             0             0             0             0             0             0          0.01             0             0             0             0             0             0             0             0             0             0             0             0             0             0             0
            0 -1.48363e-005    0.00422735     0.0043345     -0.149833    0.00458223     -0.184285   -0.00892421             0       1.01092 -3.01349e-005 -1.93425e-005       0.87081    0.00028696      0.793743  2.36591e-005    -0.0302392    -0.0431573    -0.0016851   -0.00108581     0.0105761  -0.000688181     0.0166133   0.000683872
            0 -1.89834e-007   -0.00160363   -0.00334535    0.00497019   -0.00411573    0.00611848    0.00967955             0 -3.01349e-005       1.01093       1.00075 -1.34786e-005       1.00068  7.32382e-005      -1.98532    0.00100098    0.00140297    -0.0273586    -0.0260349   -0.00034284    -0.0122914  -0.000539896   -0.00748555
            0  6.18601e-007   0.000561397     -0.000854     0.0032281   -0.00147671    0.00397254    0.00415414             0 -1.93425e-005       1.00075       1.01061  -8.4949e-006       1.00055  7.70984e-005       -1.9851   0.000625204   0.000904024    -0.0229438    -0.0216201  -0.000220737    -0.0102687  -0.000347869   -0.00580754
            0 -8.36703e-006  -0.000475005  -0.000425561    -0.0732708  -0.000301524    -0.0900024   0.000673919             0       0.87081 -1.34786e-005  -8.4949e-006       1.01022 -3.41359e-006      0.990449    0.00014024    -0.0146916    -0.0210114  6.31297e-005  3.02068e-005    0.00514901  9.98919e-006    0.00808831 -4.57229e-005
            0  6.03897e-006     0.0126692     0.0113997    0.00148643     0.0108574    0.00182774    -0.0204872             0    0.00028696       1.00068       1.00055 -3.41359e-006        1.0105 -2.30775e-006      -1.98501   0.000126007   0.000404789    -0.0251698     -0.022368 -9.83851e-005    -0.0110168  -0.000155755   -0.00340083
            0 -6.94364e-006  -0.000908433  -0.000870155    -0.0589697  -0.000767367     -0.072405    0.00157436             0      0.793743  7.32382e-005  7.70984e-005      0.990449 -2.30775e-006       1.01014  9.25754e-007    -0.0117802    -0.0168564   0.000215713   0.000124426    0.00413081  7.16993e-005    0.00648888  -0.000116699
            0 -2.90249e-005    -0.0623073    -0.0600803    -0.0012001    -0.0591778   -0.00147325      0.115711             0  2.36591e-005      -1.98532       -1.9851    0.00014024      -1.98501  9.25754e-007       3.94834   0.000560324  -0.000303018     0.0592401      0.049008  7.25284e-005     0.0252596   0.000116699 -1.56125e-017
            0  1.55595e-016       -1.1822      -1.18593       4.91258       -1.1959       6.05107       2.37341             0    -0.0302392    0.00100098   0.000625204    -0.0146916   0.000126007    -0.0117802   0.000560324          1.01       1.40873      0.443801      0.285966      -0.34523      0.175144     -0.542284     -0.178817
            0   0.000790715     0.0145702    0.00961705       7.02418   -0.00247329       8.65211  -0.000857183             0    -0.0431573    0.00140297   0.000904024    -0.0210114   0.000404789    -0.0168564  -0.000303018       1.40873       2.02428   -0.00023927  -0.000154175     -0.493615    0.00114013     -0.775394  -0.000165317
            0    -0.0166182      -35.8315      -35.7871   0.000728185      -35.8095  -0.000727744       71.1441             0    -0.0016851    -0.0273586    -0.0229438  6.31297e-005    -0.0251698   0.000215713     0.0592401      0.443801   -0.00023927       14.1965       9.39534  -0.000237902       5.61789   0.000241845      -5.15103
            0    -0.0107081      -23.0882      -23.0437   0.000368828      -23.0513  -0.000602143       45.7832             0   -0.00108581    -0.0260349    -0.0216201  3.02068e-005     -0.022368   0.000124426      0.049008      0.285966  -0.000154175       9.39534       6.30412  -0.000162211        3.7338   0.000154304      -3.25323
            0  -0.000193439   -0.00285377   -0.00164165      -1.72134    0.00132129      -2.12027   -0.00121015             0     0.0105761   -0.00034284  -0.000220737    0.00514901 -9.83851e-005    0.00413081  7.25284e-005      -0.34523     -0.493615  -0.000237902  -0.000162211      0.130965  -0.000397491      0.190017    0.00014025
            0   -0.00652552      -14.0711      -14.0507    0.00457099      -14.0582    0.00499058       27.9275             0  -0.000688181    -0.0122914    -0.0102687  9.98919e-006    -0.0110168  7.16993e-005     0.0252596      0.175144    0.00114013       5.61789        3.7338  -0.000397491       2.23713  -0.000380371      -2.01068
            0  -0.000304578    -0.0060246   -0.00411832      -2.70395   0.000535184      -3.33062    0.00115906             0     0.0166133  -0.000539896  -0.000347869    0.00808831  -0.000155755    0.00648888   0.000116699     -0.542284     -0.775394   0.000241845   0.000154304      0.190017  -0.000380371      0.308487 -5.60954e-017
